a = 1;
b = 3;
k = 0.1;
x1 = 30;
x2 = 5;
t_range =[0 20]
